[[ 43, 156],
[24, 82],
[ 75, 196],
[43, 57],
[166, 227],
[ 80 ,154],
[154 ,190],
[ 26 ,227],
[ 55 ,146],
[112 ,205],
[55, 74],
[221 ,227],
[120 ,142],
[ 75 ,234],
[16 ,41],
[ 73, 214],
[57, 85],
[24 ,41],
[154 ,253],
[116 ,227],
[ 41, 204],
[ 90, 122],
[ 97 ,249],
[100, 227],
[20 ,43],
[216 ,228],
[ 28 ,201],
[ 55 ,227],
[ 61 ,233],
[ 0, 65],
[ 28 ,112],
[ 41 ,249],
[ 28 ,227],
[100, 249],
[ 96, 241],
[ 7 ,61],
[180, 196],
[162 ,227],
[ 96 ,166],
[154 ,189],
[ 62 ,236],
[ 0 ,75],
[ 28 ,120],
[ 41 ,208],
[ 61 ,201],
[ 10 ,199],
[ 50 ,181],
[28 ,55],
[ 90 ,196],
[ 41, 154],
[196 ,228],
[ 20 ,171],
[ 61 ,224],
[142 ,228],
[ 74 ,202],
[ 85, 227],
[61 ,96],
[100, 108],
[ 75 ,236],
[112 ,154],
[148 ,182],
[ 82, 120],
[ 41, 171],
[ 50 ,154],
[32 ,96],
[ 57 ,122],
[ 17 ,166],
[28 ,96],
[ 27 ,166],
[116 ,233],
[ 38, 190],
[ 41 ,236],
[ 57 ,100],
[ 62 ,219],
[74 ,97],
[227, 236],
[17, 43],
[50 ,55],
[41 ,52],
[55 ,57],
[ 74, 227],
[  0 ,201],
[154, 216],
[ 27 ,201],
[154 ,227],
[166 ,205],
[ 97 ,208],
[ 4 ,75],
[ 61 ,185],
[57 ,97],
[ 96 ,154],
[ 10 ,234],
[ 97 ,182],
[108 ,201],
[ 55 ,228],
[ 15 ,228],
[ 97 ,185]]